1 -2.257286 -1.501457 1.875286 -179.862659 0.923070 -89.951808 0.000491 4180 0 2 3 7 8 9 10 14 15 16
2 -2.257892 -0.749254 1.887172 -179.871704 0.749349 -89.949525 0.000924 2206 0 1 3 4 7 8 9 10 11 14 15 16
3 -2.259246 0.003005 1.898682 179.962751 0.611456 -89.981362 0.002156 944 1 2 4 5 8 9 10 11 12 15 16 17
4 -2.258315 0.755139 1.903684 179.980808 0.444662 -89.965764 0.001287 1580 2 3 5 6 9 10 11 12 13 17 18 19
5 -2.253749 1.505466 1.910474 -179.936335 0.397987 -89.969016 0.000784 2596 3 4 6 10 11 12 13 18 19 20
6 -2.254903 2.256669 1.913143 -179.963204 0.071799 -89.953594 0.001448 1410 4 5 11 12 13 19 20
7 -1.504295 -2.250687 1.862654 179.917321 1.038350 -89.950233 0.001051 1948 0 1 2 8 9 14 15 16
8 -1.505148 -1.500472 1.876228 179.923145 0.960327 -89.964076 0.000649 3144 0 1 2 3 7 9 10 14 15 16 17 22 23
9 -1.507535 -0.748763 1.886681 179.987959 0.732294 -89.940914 0.001068 1904 0 1 2 3 4 7 8 10 11 14 15 16 17 22 23
10 -1.506521 0.003489 1.897839 179.936781 0.801676 -89.971969 0.001736 1170 1 2 3 4 5 8 9 11 12 13 15 16 17 18 19 23 24 25
11 -1.500943 0.753690 1.903356 179.819203 0.430891 -90.004322 0.000173 11760 2 3 4 5 6 9 10 12 13 16 17 18 19 20 24 25 26
12 -1.502545 1.503550 1.914695 179.659156 0.912500 -89.913303 0.000174 11654 3 4 5 6 10 11 13 17 18 19 20 25 26 27
13 -1.501765 2.259378 1.913770 179.897151 0.152296 -89.996976 0.000937 2170 4 5 6 10 11 12 18 19 20 26 27
14 -0.753641 -2.250741 1.861784 179.946186 0.741900 -89.884711 0.012133 170 0 1 2 7 8 9 15 21 22 28 29
15 -0.752530 -1.498211 1.873391 179.597391 0.943085 -89.957665 0.001530 1328 0 1 2 3 7 8 9 10 14 16 17 21 22 23 24 28 29 30
16 -0.754878 -0.745675 1.884474 179.639855 1.086047 -89.953850 0.001008 2012 0 1 2 3 7 8 9 10 11 15 17 18 21 22 23 24 25 28 29 30 31
17 -0.746000 0.003489 1.885500 179.350502 0.417552 -89.888101 0.000000 3 3 4 8 9 10 11 12 15 16 18 22 23 24 25 29 30 31 32 33
18 -0.748914 0.755292 1.899621 179.790204 0.803134 -89.919697 0.000067 30010 4 5 10 11 12 13 16 17 19 20 23 24 25 26 31 32 33
19 -0.750293 1.506007 1.909921 179.745145 0.416055 -89.982308 0.001121 1812 4 5 6 10 11 12 13 18 20 24 25 26 27 31 32 33 34
20 -0.749871 2.257974 1.912690 179.789796 0.205165 -89.947050 0.001460 1392 5 6 11 12 13 18 19 25 26 27 33 34
21 0.001070 -2.245813 1.844758 179.393958 1.505749 -89.965822 0.006112 334 14 15 16 22 23 28 29 30 36
22 -0.000057 -1.494786 1.862238 179.382474 1.244173 -89.939213 0.001165 1744 8 9 14 15 16 17 21 23 24 28 29 30 31 35 36 37 38
23 -0.001316 -0.742893 1.875363 179.379418 1.112389 -89.946238 0.000785 2588 8 9 10 15 16 17 18 21 22 24 25 28 29 30 31 32 35 36 37 38
24 0.002921 0.005714 1.880977 178.389939 2.329218 -89.954183 0.000097 20994 10 11 15 16 17 18 19 22 23 25 26 29 30 31 32 33 37 38 39
25 0.002314 0.757154 1.899663 179.372660 0.041831 -90.008336 0.000100 20212 10 11 12 16 17 18 19 20 23 24 26 30 31 32 33 34 38 39 40
26 0.001149 1.507707 1.906178 179.708459 0.595123 -89.956085 0.001906 1066 11 12 13 18 19 20 24 25 27 31 32 33 34 40 41
27 0.000217 2.257727 1.911992 179.671243 0.362403 -89.972131 0.004525 450 12 13 19 20 26 33 34 40 41
28 0.752843 -2.244685 1.835675 179.404910 1.273416 -89.978604 0.003463 590 14 15 16 21 22 23 29 30 35 36 37
29 0.751285 -1.491900 1.853076 179.222367 1.090336 -89.969213 0.000952 2134 14 15 16 17 21 22 23 24 28 30 31 35 36 37 38 42 43 44
30 0.751406 -0.741644 1.865583 179.302741 1.170416 -89.954382 0.000885 2296 15 16 17 21 22 23 24 25 28 29 31 32 35 36 37 38 43 44 45
31 0.755425 0.005446 1.881999 179.151316 1.090695 -89.950630 0.000098 20610 16 17 18 19 22 23 24 25 26 29 30 32 33 36 37 38 39 40 44 45 46
32 0.752756 0.756197 1.890808 179.707482 1.025890 -89.953305 0.000098 20696 17 18 19 23 24 25 26 30 31 33 34 37 38 39 40 41 44 45 46
33 0.751756 1.508088 1.901326 179.646843 0.703196 -89.937220 0.001397 1456 17 18 19 20 24 25 26 27 31 32 34 38 39 40 41 47 48
34 0.750555 2.259935 1.910497 179.688562 0.394576 -89.921347 0.001551 1312 19 20 25 26 27 32 33 39 40 41 47 48
35 1.506495 -2.241757 1.828582 179.336172 1.194951 -89.973910 0.004948 414 22 23 28 29 30 36 37 42 43
36 1.502708 -1.491906 1.842873 179.163300 1.182327 -89.962207 0.001368 1492 21 22 23 28 29 30 31 35 37 38 42 43 44
37 1.505941 -0.741477 1.856213 179.082048 1.036625 -89.950463 0.001156 1760 22 23 24 28 29 30 31 32 35 36 38 39 42 43 44 45 46
38 1.505669 0.006077 1.872282 179.132109 1.070713 -89.895734 0.001103 1848 22 23 24 25 29 30 31 32 33 36 37 39 40 43 44 45 46 47
39 1.505285 0.757786 1.883824 179.076199 0.967212 -89.947471 0.000984 2066 24 25 31 32 33 34 37 38 40 41 44 45 46 47 48
40 1.503568 1.509138 1.895605 179.499016 0.764959 -89.931040 0.001213 1676 25 26 27 31 32 33 34 38 39 41 45 46 47 48
41 1.501884 2.261121 1.905045 179.394925 0.463162 -89.966681 0.001448 1412 26 27 32 33 34 39 40 46 47 48
42 2.253090 -2.245827 1.816155 179.144798 1.307939 -89.979442 0.004603 446 29 35 36 37 43 44
43 2.255456 -1.494142 1.829805 179.159917 1.041188 -89.949889 0.001882 1092 29 30 35 36 37 38 42 44
44 2.258736 -0.743959 1.839046 178.863326 1.107035 -89.914671 0.001807 1134 29 30 31 32 36 37 38 39 42 43 45 46
45 2.257114 0.006914 1.854663 179.084355 0.977316 -89.926750 0.000719 2848 30 31 32 37 38 39 40 44 46 47
46 2.256336 0.758088 1.865807 178.765831 1.036546 -89.942902 0.000654 3136 31 32 37 38 39 40 41 44 45 47 48
47 2.255236 1.509599 1.882804 178.907712 0.751927 -89.943814 0.001712 1198 33 34 38 39 40 41 45 46 48
48 2.254089 2.261446 1.894096 178.993370 0.854949 -89.922504 0.002323 884 33 34 39 40 41 46 47
