301 46.60356463931091 18.899853243517128 2.4127261829683855 -179.11715945878075 -0.13292290866236783 179.3385693030584 3.5939443781697516e-05 388 303 425 571 572 570 573 461 422
303 46.580076989295328 20.120282038211112 2.3610598710032145 -179.31207579442835 1.208103070623568 -178.93978607638408 7.835173019108523e-05 174 305 301 420 425 572 573
305 46.565618414823071 21.326051930930404 2.3278832239110927 -179.37124630224233 0.42907849624214195 -179.00961790188293 3.5489328387989156e-05 231 303 420 307 422 423 426
307 46.518475556629944 22.541536929130416 2.3379062810388618 179.68876727819136 -0.5028238564730925 -179.41291739705633 5.212359545852661e-07 3622 305 309 420 423 426 500
309 46.488212364267461 23.762474791852121 2.3534038734897389 -179.97797205321828 0.2671273932663473 -179.0986703162784 6.459258430535825e-07 3643 307 500 501 313 426
313 44.270193690823312 23.939219848340301 2.3201874322996678 -179.78438442290377 -0.420209906737863 -90.07147638420966 1.926167732548977e-05 241 501 502 315 426 419 309 503 317
315 43.037639933375189 23.92629407608532 2.3147724692179117 -179.58985175377092 -0.07616674172212551 -90.26908747708286 1.686255011791286e-05 200 313 419 503 317 502 433 504
317 41.781236175304301 23.927283270844235 2.3542398968724942 179.86115815947926 -0.2457691540126988 -90.27975813208089 2.5077328878220136e-05 127 503 315 433 504 327 506 507 502 313
319 36.55054495736654 23.113913144095712 2.6014862025791308 -179.55382056997342 0.9248569464844509 179.36177486100655 0.00040214511162460156 27 331 321 511 335
321 36.571789383480791 24.542159814314047 2.5720166634969024 -178.5290993126414 0.6956661794091942 179.30435287373845 0.0002649259995678019 57 511 331 505 319 601 506 600
327 39.255760795454187 23.906027769006904 2.5020535020007335 179.2485887508859 -0.47830072844359833 -89.75583922190555 0.00011497298519297078 98 504 317 506 507 515 505 331 509
331 36.760945601779845 23.912579347335907 2.5775800959950335 179.90244409990973 -0.5985953160169547 -90.00778492078719 7.29819109436313e-05 77 511 321 319 505 506 327
335 36.529588015947695 21.871991068145537 2.6634331465955698 -178.69936946254882 0.03742087921173368 178.9003259433457 0.0008460511045508549 17 319 337
337 36.508687505213636 20.617119431721925 2.7080419950669121 -179.30636913470303 0.5958042668448867 179.5669430422393 0.00040217405825961164 13 335 339
339 36.471743888347319 19.358316164901385 2.7392215364803567 179.91676489313218 1.9005604993952994 178.62749304422886 0.001683235662363563 12 337 341
341 36.430183412043021 18.146369620046993 2.7570176390937169 179.46715020900302 1.9027191881867846 178.0033268617974 0.0036283064663509904 11 339 343
343 36.374059873410552 16.920884478748711 2.7720112320730044 179.65449774644688 2.377860648719018 178.09719051846312 0.003681943719087539 14 341 345
345 36.330139017646331 15.684911812630327 2.8354205892477129 -178.92300658956492 1.2335388707369106 177.56071272181458 0.0029101786224586127 16 343 347
347 36.2831203441662 14.433001399866917 2.9095627620676834 -179.39896058172602 0.8441831474248919 175.57508761616242 0.006698803335344292 13 345 349
349 36.236136213336728 13.194186037961989 2.993180892898418 -178.12566491831947 1.884787980406169 177.838242661102 0.0020935327831067703 25 347 524 517 357
357 35.612924668288308 12.800416528669723 3.0089175711611009 176.57224944764852 -1.1785599733413328 -2.8848859995976603 0.015238758161413901 4 524 349
408 38.041415078018922 12.480921926151844 3.0437498557219755 -178.08675074134737 -0.18496084455369677 176.75070431699066 0.00236350886489341 19 517 413 518
409 41.225280225081285 13.259035903226826 2.6679204982974074 -179.91317676688263 -0.6459003364549871 179.8781663994774 0.00036523784177535875 25 516 520
411 43.748611480993915 13.299718090876597 2.5811928192381677 179.4368225962447 -0.4094056387479034 -179.1797793110617 0.0002613324104050591 39 512 513 514
413 38.681851345171232 13.033677696570749 3.0443852840229004 -179.36869938562572 -0.43630750646015404 177.91325135415877 0.001047332264116792 26 408 518 520
415 44.35545795607748 18.876991167721833 2.4380215473662341 179.84710505758008 0.04310561353039237 -89.83610943693257 7.5054285813689485e-06 272 425 422 416 572 428 573 571 570
416 43.114280345278743 18.853113442308572 2.4226467746640949 -179.91533983666778 -0.330202266298613 -90.63348280490062 8.139569511600188e-05 78 422 415 428 439 436 435
418 43.066016476752296 21.266146149957628 2.3250791209898898 -179.57361116050419 -0.013555099355299112 -90.26791620826756 0.0001153204690341583 72 424 433 419 423 422
419 43.066811720576695 22.486756052591861 2.3185754824544009 179.4404641249669 -0.9156191395655112 -87.78194074007595 0.00011701317060063597 189 315 426 313 433 423 424 418 503 502
420 45.528742671439424 21.311265835156775 2.2834378236369677 179.45091052155306 0.13802526692740935 -178.55548050165913 3.392742651343297e-05 339 305 307 426 423 303 422
422 44.305007186960978 20.085912919233532 2.3578920613080796 -179.8059909499727 -1.436959436161777 179.02969426630128 8.851312362109253e-05 153 423 425 415 416 305 420 436 439 570 571 572 301 418
423 44.294452213362312 21.289432108350749 2.2832684698422074 179.76252455670578 1.0137671966853925 -87.03583746270836 7.0840802025069e-05 563 420 426 422 305 307 419 418
424 41.866071461279638 21.256331476258769 2.3702393821400016 -179.06346668450595 -0.32458262667448246 -91.09996509984761 0.0001341745323793759 77 419 430 433 418 436
425 45.586257001806523 18.886713401163014 2.4022355814271541 -179.53034109718283 0.8799441385335587 179.26240390195483 1.2924138579834547e-05 689 301 571 572 570 573 415 422 461 428 303
426 44.302975066334781 22.509763748960829 2.2818728019669443 -179.46848521642966 0.11495473777322024 -179.24806825495858 1.413960579071783e-05 628 420 423 419 313 307 305 309
428 44.364712936000288 17.659871260272574 2.4250465041376419 -178.5485273934461 -1.9756314858412012 -177.25594353640025 0.00027454420477960326 146 415 416 573 572 425 571 570
430 40.663171877050566 21.271263213037866 2.4021232299019353 179.66435928766964 -0.05460333267571306 -90.65879299452706 0.00012057822481038326 40 436 424 433
431 45.654989643330822 15.223203632092767 2.4177921665622861 178.49901881598313 0.157091816002178 -177.90317338960526 0.0003702089328448939 65 476 472 444 473 463
433 41.838966386236152 22.505795501246322 2.3704739354296622 179.78763278883173 -0.04022338482215238 -89.89558729062949 3.087249400196204e-05 106 419 315 317 503 504 424 430 418 436
435 41.910496741611951 17.605984081931854 2.4834774047434252 -179.3690301103877 -1.832947637223654 -91.04587353862475 0.0005537406686259885 35 439 460 438 416
436 41.881004628601161 20.056830212306981 2.3568278497055291 178.65803440256803 -0.5037662117497819 -88.6251214178782 0.00024254327417400987 69 439 430 424 422 416 433 438
438 40.678333597759377 18.826954698751106 2.4610749485582284 -179.9378344856871 -0.10941877647987608 -89.47664535369755 0.00016813811735078005 45 439 436 435
439 41.895824794531855 18.845094974784633 2.4125646473683426 179.74817867087867 -0.5606731514191107 -178.7186079475352 0.00014457016637124928 98 416 435 438 436 422
444 44.42558904810906 15.187084443326194 2.4183553216962252 179.0762293983215 0.3185860583783129 -179.01081862127342 0.000713411397230918 9 431
450 41.778375245312098 15.139956338672498 2.4309791938325138 -179.05811116438917 1.5353671427323603 91.57297173101766 0.0013105066477985742 19 460 451
451 42.557696687236941 15.159205179823116 2.4586642657757993 -178.0063950805825 2.0385013434866655 -179.06707193363212 0.002899172381833452 13 450 460
452 41.723632150854456 13.919037614142997 2.6038950023141743 -176.5127156237944 1.253483388069853 93.04946003136591 0.016913464830801597 4 514 516
460 41.930973333108817 16.383555388747137 2.4671332539172193 -179.39687526482902 -1.673955491983486 -89.85819029711311 0.0005580150512227857 29 435 450 451
461 46.623877094297249 17.698115127646965 2.4199839130563703 -179.6385475101239 0.26822849878269134 -179.9046701523923 1.60017935259904e-05 321 570 571 572 573 476 301 425
463 46.086901791098342 13.353910471039736 2.4665005481537925 -179.98345468157086 -0.3712327248266017 -177.72543148277876 0.0002885334709253935 71 472 473 431 530 469 512 513
468 46.689634809162079 11.507455375768082 2.5178889858506901 -179.9735320616878 0.432062242356962 -176.54169422072684 0.0035520308986057084 11 512 530 469
469 46.708327055733889 12.744786326684762 2.4815904031875462 -179.98263089050957 0.4088222537710309 -177.7897514660487 0.0007897834521884968 28 463 530 473 468
472 46.663559658833854 15.241266378723367 2.4444663808207685 179.09698123403055 0.4732327560000397 -178.83556151181284 0.00014886942685458576 97 476 431 473 463
473 46.688320340219789 13.983900626323997 2.4594638362083696 179.33594173145292 1.0798381627870008 -178.5073249209184 0.0002505557255262615 58 472 463 431 469 530
476 46.647573357283349 16.460292620260653 2.4479855316692518 -179.82496382714157 0.47090563328227786 -177.4676938191649 0.00024261043144001353 126 461 431 472 570 571 573
500 46.46629433559108 24.584615287527527 2.3453194780179105 -179.99154967689722 -0.181974731183524 179.97660436789093 4.870303167612935e-05 91 309 501 307
501 45.253367271973296 24.569541033860531 2.3569809201909382 179.92061993568723 0.22932572955210573 -179.9113618928455 5.231015721281501e-05 118 309 500 313 502
502 44.042262200119332 24.544992093991485 2.3325233660336164 -179.66794004592103 0.1422804368508698 -88.12380329263688 9.45119387137046e-05 182 313 501 315 503 419 317 504
503 42.812519192289855 24.529678145965693 2.3132497829456677 179.16115079869266 1.3201140941574088 -90.36604763981475 8.491626813083474e-05 152 315 317 313 502 433 419 504
504 41.581871163426818 24.531557100677158 2.3456646803759389 178.6026766384868 1.1202363075383155 -89.06030985673763 0.00034198674898622044 57 433 317 327 506 507 503 315 502
505 37.997817647118893 24.517842289524094 2.5521859351918246 179.94263613007666 0.6847525685139598 -90.31807443058838 7.378828911540835e-05 113 506 327 515 511 600 321 331 601 602
506 39.04797642834464 24.515582982366499 2.5124846049590963 178.6513447518621 0.8624904575675374 -87.86207407078551 0.00037231492086063503 78 504 507 317 327 515 505 331 321 511
507 40.321735872892106 24.519837564446306 2.4131205851243438 177.4266345920734 2.5178298846787888 -86.94541195068278 0.002671416289853292 27 504 506 317 327
509 38.644382238389518 22.478907741311481 2.5409134355858098 178.21079386597444 -0.28954927366246574 -87.13682646299752 0.0018195629664015766 21 515 510 327
510 39.257472060556701 22.657479568420566 2.5253477902027575 179.69491089418867 -0.20475809581630255 -89.5355692490019 0.00029095842785891444 18 515 509
511 37.179005571443014 24.515248630092515 2.5615146531508479 178.8417244974449 0.4256029507060709 -88.98910147803713 0.00013776073859972417 110 505 321 331 600 319 506 601 602
512 45.441369959889016 12.713034105271436 2.5361391391698254 178.02982279750256 -0.28837928629832615 -86.69940844357802 0.0017998553672208067 32 530 468 513 463 411
513 44.371718947306633 12.691684429928106 2.6056778246672589 -179.8755995938095 -0.41142646923474036 -90.20982771423226 0.00011096426720189126 54 512 463 411 514
514 43.143515736072111 12.693926480594964 2.5996786418313036 -179.36239696324924 -0.7554013139912731 -90.14092764486972 0.000335657426092474 35 513 411 516 452
515 39.080843440511423 23.314750407714847 2.4866074197456336 -179.7816298577141 -0.5703543643468212 -179.98324763163663 0.00012663882855314056 56 327 506 505 510 509
516 41.85872101293409 12.654332067628152 2.7021091278361169 178.9954560141115 -0.8534304729501508 -91.63927450022402 0.0007862587544460902 32 514 409 520 452
517 37.005312812339575 12.546189161480344 3.0337127171355545 -179.58291915523773 -1.5532672172080277 -93.41514177598084 0.003632452069712398 15 524 349 408
518 38.850727216826449 12.428729285643662 3.0823913774274341 179.9228028609868 -2.4736823370347585 -95.05787513379639 0.00363061006209553 26 408 413 520
520 40.531980664924852 12.619352216806259 2.7563224003986555 179.7635029235413 -1.1638683329405204 -90.11648109155566 0.001002078019979007 25 413 518 409 516
524 36.200153457777787 12.579557688418962 3.0244106081661908 -179.24581036549134 -1.9554264180750713 -91.7399541717398 0.0018982823585568266 19 349 517 357
530 45.658539977680476 12.096848101337342 2.5215942362756238 -179.29503319292684 -0.4881072897669091 -89.47657801501009 0.00038102082336758075 22 463 469 473 512 468
570 46.016858118625485 17.882828883609381 2.4164523706346772 -179.78141822230498 0.4045226760649932 -179.0964522382533 3.0757211787567976e-05 447 425 571 572 573 301 461 415 476 428 422
571 46.009492308049516 18.283600385903338 2.4167667029145057 -179.94936299831005 0.3460975225719585 91.06070943252968 1.2519709455384582e-05 738 425 301 572 570 573 461 428 415 476 422
572 45.593651613588428 18.264099455349051 2.4227388274627377 179.37109826720194 0.04828387409371176 1.354389254139618 1.6265264623771623e-05 697 425 571 301 570 573 461 415 428 303 422
573 45.596140519562503 17.85374432436079 2.4328875182022722 179.81127636338888 -0.1620480836590929 -89.95912220653405 4.230274632113359e-06 456 425 570 571 572 301 461 428 415 303 476
600 37.180405589105831 25.530655840586913 2.5853818723428139 178.9539511973916 0.3901777778070401 0.21209634094579485 0.00013639433818865335 52 505 511 601 321 602 603
601 36.589173711734638 25.519288192095626 2.5758150834316158 -179.96353813879185 0.01597665785303651 178.82883346033205 0.00019952737850725867 32 321 600 505 511 602
602 37.663194537427394 26.212263287608316 2.5917155063845163 -179.96010487097914 -0.37584356083027204 1.374610684277868 0.00024083867767113817 31 601 505 600 511 603
603 37.660955016247783 27.479163133803734 2.6457012830417677 179.6710038211595 -0.5371855501926295 0.3136820403234298 0.0004634199696982516 8 600 602
604 37.586823909514536 28.084792669036624 2.7226978360422054 -175.08729799352417 -1.1255987223354158 -132.7198473395821 0.27301631953786076 4 605
605 37.291122722506898 28.252931379862311 2.714975032614503 -173.40278181759916 5.7956436116829195 49.049375378521454 0.27532124813207703 4 604
606 37.340775894630909 28.096947367766433 2.7900324387005382 -173.05066269948637 1.0458643352940653 35.87079645094988 0.3 1 
607 39.018043197782248 28.695913078890865 2.7399135136490216 -177.10362173478634 2.5363474124738508 13.438892612594284 0.3 1 
608 42.022366465194466 28.637182649136118 2.7200213646891798 -177.541597066062 9.453306249682697 -1.2662254491256246 0.3 1 
618 41.398201250408327 28.688158093496547 2.6892818835766827 178.74666580515478 3.1497431646620537 -4.428893456759767 0.3 1 
629 45.978163144263256 38.268744577436188 2.7000000000000002 180.0 -6.272538112810589e-46 180.0 0.3 1 
