1268 1.7175318730959264 0.022520734030948349 1.7312200688845059 180.0 7.062250076880254e-31 -89.52507841120935 0.004988247524422749 29 1272 1270 1269 1275
1269 1.6608280125105399 0.99633337197477645 1.7467099385603095 180.0 2.824900030752101e-30 117.08845100794846 0.08940500831515732 23 1268 1270 1274
1270 0.87573798765970534 0.024539145867920754 1.7492728381009062 180.0 1.4477612657604518e-29 -145.43314135281432 0.006549556544697987 597 1271 1272 1268 1274 1269 1273 1277
1271 0.00181273614270272 0.00069704148083749463 1.8 180.0 -3.920336320506618e-46 180.0 0.0 1 1272 1270 1276 1274 1277
1272 0.7566252583135662 0.5784995370008853 1.7502316897170414 180.0 -7.062250076880252e-30 -121.59423559163957 0.0038544129052595715 809 1271 1268 1270 1274 1273 1277 1276 1279
1273 0.062386354770772125 1.1087803614891696 1.7378916750520053 180.0 -2.824900030752101e-30 103.37680711984402 0.0008989099371964961 573 1272 1274 1270 1277 1279 1278
1274 0.90275610406113938 1.1640752775413437 1.7354677602199424 180.0 4.943575053816179e-30 100.7113731121743 0.0005682666581388755 621 1272 1270 1269 1273 1277 1271 1279 1278
1275 2.2116923260639196 -0.54779588236284094 1.7076404449566622 180.0 1.3241718894150477e-30 -171.7686144793092 0.038562682939141925 5 1268
1276 -0.41271535626275774 0.77217147224781146 3.0581124784592673 180.0 8.827812596100317e-31 7.481771650908079 0.005558347089959652 44 1271 1277 1272
1277 0.24879399086002682 0.8097373333956378 3.0714237075898532 180.0 8.827812596100317e-31 -177.93760401092368 0.001313745974576659 226 1276 1272 1274 1271 1273 1270
1278 0.08461023001813886 -0.16290148739701171 3.6858703991784609 180.0 2.118675023064077e-30 -90.97923156274219 0.011730578307185723 61 1273 1274
1279 -0.14829153714397852 0.12285896337402874 2.623825891337896 180.0 2.824900030752101e-30 98.66441794353217 0.0014895169787837645 147 1272 1273 1274
